4829301542
1532409876
6098723456
3276814567
5983215963
4781216248
3981251234
2765448123
1638429567
4789151298
2348939876
5129727653
4812416385
2956847892
5129923490
3987751296
2765248125
1638629569
4789351300
2349139878
5129527651
4812616387
2957047894
5130123492
3987951294
2765148293
1532415987
3276816248
3981251234
2765448123
1638429567
4789151298
2348939876
5129727653
4812416385
2956847892
5129923490
3987751296
2765248125
1638629569
4789351300
2349139878
5129527651
4812616387
2957047894
5130123492
3987951294
2765148293
1532415987
3276816248